00001000000000000000000000000100
00000000000000000000000000000000
00000000000000000000000000000000
00000000000000000000000000000000
10001100000000010000000000000100
10001100000000100000000000000000
00000000001000100001100000100000
00000000001000100010000000100010
00000000001000100010100000100100
00000000001000100011000000100101
00000000001000100011100000101010
00000000001000100111100000101100
00000000001000100100000000101110
00000100001101000000000000000001
00001101000100110000000000001111
00010100001100100000000000111101
10101100000000000000000000000001
00000000000000000000000000000000
10101100000000000000000000000010
00001000000000000000000000000100